8
0,52,62,85,82,86,75,81
52,0,55,86,56,59,66,76
62,55,0,67,67,86,54,81
85,86,67,0,55,74,72,88
82,56,67,55,0,61,69,61
86,59,86,74,61,0,83,72
75,66,54,72,69,83,0,57
81,76,81,88,61,72,57,0